5260.49449911 [20, 7, 15, 2, 24, 11, 8, 12, 13, 13, 1, 6, 13]
5226.13646401 [17, 5, 12, 15, 17, 11, 8, 12, 13, 13, 7, 15, 11]
5242.20707318 [17, 4, 7, 10, 18, 11, 21, 12, 1, 6, 9, 3, 16]
5220.20869399 [17, 4, 7, 10, 18, 11, 21, 12, 5, 13, 7, 14, 13]
5219.68061266 [20, 5, 12, 15, 17, 11, 8, 12, 5, 13, 7, 15, 11]
5219.59887964 [17, 4, 7, 10, 18, 11, 21, 12, 1, 6, 9, 3, 17]
5198.03924569 [17, 5, 12, 15, 17, 11, 8, 12, 13, 6, 9, 6, 13]
5196.41423606 [17, 5, 12, 15, 17, 11, 8, 12, 13, 6, 9, 6, 13]
5201.55151524 [17, 4, 7, 10, 18, 11, 5, 12, 7, 13, 1, 6, 13]
5177.22173796 [17, 5, 12, 15, 17, 11, 8, 14, 12, 6, 9, 4, 13]
5174.85174636 [17, 5, 12, 15, 17, 11, 8, 12, 13, 6, 9, 6, 13]
5177.50865616 [17, 5, 12, 15, 17, 11, 8, 12, 12, 6, 9, 4, 13]
5174.73889995 [16, 5, 12, 15, 17, 11, 8, 12, 13, 6, 9, 6, 13]
5168.26551965 [17, 5, 12, 13, 17, 11, 8, 14, 13, 6, 9, 6, 15]
5171.2827969 [17, 5, 12, 15, 17, 11, 8, 14, 9, 6, 9, 6, 13]
5168.13038592 [17, 5, 12, 15, 17, 11, 8, 14, 9, 6, 9, 6, 13]
5169.08297491 [17, 5, 12, 15, 16, 11, 8, 14, 9, 6, 9, 6, 13]
5168.29316812 [17, 5, 14, 15, 17, 11, 8, 12, 8, 6, 9, 6, 13]
5176.23807947 [17, 5, 12, 15, 17, 11, 5, 12, 5, 6, 9, 6, 13]
5165.76818925 [16, 5, 12, 15, 17, 11, 8, 12, 12, 6, 9, 6, 13]
5164.58040841 [17, 5, 12, 15, 17, 11, 8, 14, 9, 6, 9, 6, 13]
5163.14241826 [17, 5, 12, 15, 17, 11, 8, 14, 9, 6, 9, 6, 13]
5161.823829 [17, 5, 12, 15, 17, 11, 8, 14, 9, 6, 9, 6, 13]
5156.87091557 [17, 5, 12, 15, 17, 11, 8, 14, 9, 6, 9, 6, 13]
5154.54142326 [17, 5, 12, 15, 17, 11, 8, 14, 9, 6, 9, 6, 15]
5155.16178872 [17, 5, 12, 13, 17, 11, 8, 14, 9, 6, 9, 6, 13]
5152.67541268 [17, 5, 12, 15, 17, 11, 8, 14, 9, 6, 9, 6, 13]
5151.22612861 [17, 5, 12, 15, 17, 11, 8, 14, 9, 6, 9, 6, 13]
5149.15569751 [17, 5, 12, 15, 17, 11, 8, 14, 9, 6, 9, 6, 13]
5148.01095125 [17, 5, 12, 15, 17, 11, 8, 14, 9, 6, 9, 6, 13]