4793.25610015
4862.88868856
5238.57692023
5333.59377443
5383.26007316
5232.18845035
5543.12390347
5678.51845194
5261.82128712
4921.83112242
5066.92625878
5306.23702183
5194.95888695
5224.38907874
5120.51342261
5464.4770682
5126.17410845
5386.75597416
5293.62951035
5379.93339545
5503.58535285
5458.81169189
5619.67185355
5335.76452173
5504.79044211
5401.47779723
4996.74949715
5494.6017123
5027.54940144
5268.19962155
5719.20125223
5255.33580737
5270.0156838
5315.32445721
5451.82560306
5033.35884218
5256.89910505
4933.71087667
5115.05088359
4807.1179499
4986.31265596
5145.09584134
5798.7913461
4849.13397702
5302.0116315
5193.89301955
5199.63079202
4829.39936457
4905.22890857
5070.48956328
5310.02183838
5720.22197906
5699.9778365
5348.39280224
5125.19276792
5391.72326523
5051.06449783
5122.19117843
5096.58021529
5152.32172887
4980.49164121
5502.43562389
5029.84852284
5001.65464869
4894.84411946
5222.65165362
5190.85296363
5448.33391521
4625.61698046
5261.62049051
4952.04836774
5331.00627001
4935.72783187
5204.03147052
4958.92525353
5080.68830136
4964.72837919
5772.28822557
5382.52987002
5064.98805012
5414.29021862
5462.5619036
5689.87281282
5358.56063946
5460.56118596
5269.16162479
4991.77338526
4953.49166826
5092.75272838
5386.75483162
5040.27961383
5203.6290943
4863.26670886
5222.38495657
5202.0316934
5259.72892713
5161.14484863
5231.29041254
5140.02656426
5331.21112282
5272.79129007
5317.42883722
5095.27192949
5608.83503836
5214.38306779
5264.95306937
5253.9975469
5324.42574597
5349.49337909
5723.58775467
5422.2738435
5272.0056642
5100.71694816
5473.61053011
5520.01447859
5213.48280507
5204.44753624
5331.28513738
5298.26940015
5027.77191902
5490.3156625
4832.82288222
4783.27516788
5021.94325697
5192.23571946
5626.89855574
5637.91396134
5433.54706114
5384.37736198
5152.37098249
5483.07070484
5567.86408895
5277.39975469
5330.7814601
5009.19212886
5578.153585
5127.93746212
4988.98163847
5798.60946329
5447.17998656
4906.18244496
4959.89731067
4947.80658276
5349.65550328
5206.37346319
5633.33055502
5231.70606303
5445.95012224
5189.96159809
5352.46837122
4850.53623973
5415.8009637
4923.70861081
5386.88939882
5433.29196146
5854.77891093
5426.18151376
5623.08999445
5196.38735872
5010.38841324
5259.42866322
5356.57447603
5525.4375437
5653.84469504
5346.31429687
5345.66310269
5720.95565556
5199.56460566
4914.98576014
5008.26743104
5149.2122052
5478.95211583
4963.48173962
5385.28460707
5105.88678845
5231.72696826
5695.8327211
5270.63467386
5430.0575366
5310.35275826
5402.88771545
5099.39723774
5127.8962355
5368.69623102
5309.33987819
5245.63947096
5707.99009431
4939.85728829
5357.07526955
5108.95488795
5214.84985975
5180.02026932
5401.42065141
5119.79550444
5285.38336122
5118.20524655
5461.24770794
4699.48454365
5132.74026449
5292.43506111
5358.11265908
5301.98843291
5368.5217066
5620.25298155
5217.06693534
5461.9870715
5165.54798846
4973.04624679
4918.23363293
5236.62171636
5229.9251222
5619.05564597
5009.00033749
5266.7346943
5375.83039046
5231.41672739
5343.23874066
5399.93149212
5300.46281528
5093.64134819
5593.13966225
5941.83307142
5542.33306831
4689.98819097
5362.38842115
5371.59479818
5092.53364293
5509.70972876
5207.77917682
5444.08273666
5243.48791068
5406.20016488
5062.24801099
5049.65796252
5846.21203395
5493.81017402
5237.03641824
5154.84620358
5168.83105436
5713.84634538
5385.15616235
5218.41460898
5033.61076133
5194.1515101
5632.6544632
5531.46923145
5274.36477866
5544.20828469
5135.33892905
4818.68404272
5795.92675188
4995.76780422
5046.27947077
4622.45266511
5236.898521
5442.51563
5233.49363288
5378.79045192
5327.13834687
5743.28984891
5369.69441608
5527.25916014
5656.03068396
5124.21829533
5319.41736177
5194.1328103
5278.65211617
5562.38481415
5069.35097197
5151.36813909
5141.46141946
5111.14891271
5542.83695866
5531.8051738
4847.48901577
5194.06478061
5766.41993205
5163.1012065
5148.4846415
5207.33307806
5666.10840246
5736.97199198
5079.45655629
5447.28686103
5241.71770205
5190.29223301
5239.72391324
5620.37846396
4912.46385079
4680.5838108
5294.0969432
5341.25164032
5109.79998057
5190.60149044
5368.29239899
5554.33064473
5064.33150817
5038.81280611
5219.97590168
5427.13238216
5001.31087025
5249.32272669
4887.63870133
5313.03351844
5616.71291778
5420.23798405
5291.74757299
5069.86882972
4785.19223742
5201.90058973
4727.03654589
5116.71421838
5417.99051511
5145.45707388
5462.59627144
5544.94146496
5311.25588614
5547.29903524
5133.61240254
4944.36466127
5434.15785814
5477.73648227
5035.65113508
5597.55583162
5272.30050602
5362.91592589
5595.52840125
5090.13409733
5030.19026814
5210.54651074
5653.28841974
5594.84053808
5092.73657531
5356.49406073
5323.30812271
5075.19119579
5146.64398912
4979.75235041
5315.62176836
5175.80578815
5371.73770931
5174.48146044
5168.45095859
5227.50239937
5066.05011287
4919.64320248
4937.65027673
5608.88835306
5645.39380525
5355.92572377
4956.01054208
5115.69945679
5517.13846243
5105.6056887
5086.33928113
5548.57520511
5107.26224405
5206.01395871
5223.10003573
5169.79026853
5193.01986901
4995.08624487
4858.32148836
5526.44318278
5085.25383061
4895.12277978
5245.51001489
5419.31377336
5215.12774773
5008.95210438
5566.74472116
5646.34644959
4996.66634861
5428.20167924
5368.98363071
5221.00777428
5374.22758192
5217.01464506
4923.80315119
5601.10542116
5372.85660386
4928.83192096
5737.28883487
4950.95226684
5023.05559726
4853.89191715
4686.48372952
5468.99171239
4838.9904783
5230.17924143
5139.00284619
5178.33566701
4987.22838408
5380.96797823
5068.03873521
5410.91866807
5622.41075229
5465.67811046
5049.78678134
5464.8700734
5080.75342686
4780.1536395
4851.2018501
5312.58877484
5089.89298112
5106.12442748
5337.37791236
5264.86827899
5260.49115273
5271.99247257
5069.17590845
5428.23679725
5300.89397759
5001.32688247
5136.48418227
5229.2764532
5412.04952932
5002.89746193
5465.50413405
4991.7750818
5157.1949895
5356.0798435
5149.34769991
5652.24304887
5369.88307225
5139.86606896
5051.39856139
5087.77386073
5272.96879668
5378.66683908
5278.84211124
5592.74865336
5143.22721512
4940.92376724
5369.96393531
5541.16058783
5500.90803051
5455.26504368
5323.77482876
5702.13785945
4794.28856423
5104.88319959
5209.96704818
5054.4721665
5095.75183912
5003.81250514
4865.34053062
5197.81452184
5295.2825849
5300.87155832
5301.6451773
5113.68339083
5339.51167711
5395.94117356
5111.72471235
5602.25562009
5548.99512331
5176.57723952
5173.13322219
5527.0489294
5219.11670448
5427.16120466
5469.14497327
5349.25008347
5302.35844476
5562.56911239
5392.00046311
4775.79836882
5283.10726537
5335.24577618
5399.02189228
5414.17514735
5488.70562573
4933.04593156
5278.99189934
5297.30117718
5650.13162042
5153.99878898
5576.17087698
5148.25804155
5373.23495043
5833.41931407
5166.21001974
5561.75143394
5367.15102589
5206.83524995
5044.39196868
5308.65171692
5203.9662856
5471.53954798
5156.82203877
5163.89283482
5294.56372152
5013.17111596
5349.89806572
5154.58731923
4647.54903633
5073.78359427
4998.05794593
5302.13188861
5294.48857898
5485.58496645
5728.55910366
5331.82056395
5510.35447873
5413.08714028
5893.4950826
5342.88329429
5086.33606429
5119.56420408
5245.14121928
5339.74821566
5040.70947474
5714.80625864
5104.08236532
5360.89600977
5379.45819889
5228.52416865
5014.48662341
5272.82899788
5096.77068689
5473.27057495
5908.38763774
5256.24309853
5409.89380042
5413.17163585
5125.2281936
5537.38418389
5314.23215166
5215.45459041
5044.2487485
5045.28871377
4978.89324595
5058.26100816
5399.38669072
5243.297093
4930.95226002
5292.96346031
5288.86442516
5393.71716153
5394.74873681
5150.22154438
5123.85701414
5504.01058245
5086.35207486
4587.38410696
5263.38878074
5303.17283699
5134.34096187
5394.63331713
5162.95628686
4620.87555663
5548.37748029
5090.40494777
5818.52798805
4988.09211188
5159.454429
4844.56085049
5265.57523571
5517.85667451
5155.43308572
5258.41722945
5256.19083707
5001.2914738
5124.96874038
4817.83938116
5577.63433082
5027.688843
5200.60478787
5211.30000409
5449.28936362
5258.59675248
5309.87412287
4935.0173399
5580.34689484
5390.15220727
5360.62840607
4770.70025601
5046.85605511
5629.38989429
5584.46517866
5285.98639819
5228.32345549
5561.70453068
4902.28875372
5249.47308669
5110.63214691
5390.31645962
5541.65869537
5068.02482485
4935.1252639
5295.48428157
5071.12953362
5144.51197394
5324.7861331
4933.92488193
5659.591391
5545.91362325
5312.17314203
5397.79155211
5114.61676551
5828.32548078
5101.25907822
5250.42964257
5264.76836118
5296.98991938
5377.03046698
5103.97117455
5230.9457331
5219.05026091
5151.37148894
5122.81385817
5063.14411645
5198.09058403
4945.89183069
5302.08381303
4894.81902431
5516.75093241
5124.35760836
4985.73074456
5325.3006165
5837.84422967
5360.67453465
5003.03944907
4868.97899756
5205.35196158
4926.5574454
5379.93763839
4839.63139157
5221.58105088
5498.08244277
4968.51697727
4656.54093169
5259.82081742
4939.22138579
5252.24342427
5211.07359051
5210.69700982
5165.37258195
5072.97835565
5568.08353646
5314.92066401
5229.55056581
4890.20255502
5193.53841308
5219.03601488
5140.88086064
5377.01131873
5660.14015186
5201.39032143
4906.27604346
5089.13683808
5109.03991436
5252.3528074
4928.62467221
5265.55377146
4847.09405068
5160.65209024
5590.59946138
5199.04645349
5137.73123576
5378.81792805
5349.62253334
5000.19173397
5285.74969962
5626.3488201
5014.69222219
5514.87516301
5144.78652254
5041.33337994
5557.46373301
5321.39630491
5140.33349797
4898.55753332
5584.93632984
5416.90516021
5148.9205599
5111.48900693
5320.22047933
5622.42630688
5855.68837332
5492.04764545
5268.2560157
4888.04923786
4867.46424786
5070.44252898
5403.04845366
4934.31500408
4881.70443572
5133.12021676
5339.5989566
4659.43315124
5561.62211389
5471.32978593
5237.05113409
5210.65393909
5585.11741406
5173.31009547
5023.28300634
5336.41814399
5382.61660147
5226.1517273
5474.60863236
4833.54573418
5112.4957449
5381.11154842
5624.99105988
5162.76236761
4912.13405636
5358.88382287
5267.2905915
5449.99038218
5276.89755497
5183.15201172
4974.40680589
5425.3227574
5159.49306934
5425.90315299
5275.48826857
5607.5763585
5382.31227351
5372.30370807
5563.41438454
5334.79142123
5206.38045901
5067.47726785
4588.68191449
5804.67630171
5284.67585762
5374.78085586
5135.4512686
5280.14776034
5323.79354708
5269.0555679
5089.24467341
4865.87839619
5287.03298916
5157.81567446
5416.42453018
5216.96766359
5390.90304947
5436.54799276
5106.7207314
5671.81688855
5454.00041995
5012.39976814
5678.04555121
5203.69856307
5133.63494441
5124.19956691
5576.5659582
5088.98772194
5350.39709703
5550.01253253
5123.91459061
5309.38630493
5130.29626351
5448.14120385
5517.39825435
5400.6222295
5261.30771525
5366.24770702
5138.04696731
5323.17276273
4979.40212753
5337.58249916
4874.82714593
5240.88222139
5456.40453922
5235.04525003
5178.71229193
5300.46093113
5480.03917736
5456.8482792
5239.53259648
5007.16713395
5411.17073208
5075.55633325
5385.58002504
5560.43467584
5287.46478115
5487.06012773
5083.50414672
5454.4443042
5410.95294503
5432.8182901
4842.24326198
5118.50811028
4561.34797017
4979.80432734
4684.0876975
5369.01548978
5556.41879816
4899.17379859
5158.60126684
5159.73664608
5165.12023592
5426.31833823
5090.52553597
5333.36010986
5108.41888142
5834.04670907
5363.65456673
5229.26109898
5167.98971928
5125.8296379
5473.46680086
5611.08202436
4961.44466607
5492.38827938
5071.33555525
5227.76433394
5451.04631713
5352.19976667
5564.49245468
5276.85934409
5465.00326464
4870.04963517
5164.30423426
4916.35075306
5360.5395064
4960.28739085
5527.50772678
5519.03135704
4934.41194239
5369.18486509
5532.87160093
5100.27744483
5394.7773651
5474.51056797
5501.29578783
5625.05573335
5164.9953416
5085.11399772
5268.63063825
5382.32011668
5423.79119533
5132.15435569
5920.75494256
5759.18490306
5110.67259088
5133.04168636
4942.19847842
5007.67991254
5057.82005516
5481.34114244
5172.99974322
5170.69835541
5305.63879613
5286.10545069
5901.22595493
5489.77249187
5485.71543582
5460.63616393
4923.40505086
4983.3926876
5186.86610907
5229.64630388
5388.87680133
5425.67760395
5242.9810319
5411.68274124
5320.85020163
5342.40168005
5090.57561622
5287.93274267
5343.47885016
5217.48403893
5095.10164714
4798.63041874
5108.36161656
5410.24478704
5099.87623223
5425.85494186
5332.56413071
5278.4724611
5156.79472507
5652.41222426
5049.15164581
4887.63207413
5316.80603101
5624.4525393
5375.3785984
5603.41714622
5272.29468752
5152.15316087
5524.58953108
5736.14029544
5298.05299008
4988.30512646
5066.4080427
5236.82902106
5351.7198054
5310.16919765
5542.48520901
5520.87684077
5285.46924437
5138.22893365
5067.25049261
5376.48687994
5358.09782879
5074.33482085
5675.49164447
5727.53181659
4795.37720069
4864.28629756
5294.95956406
5151.82091813
5417.18862644
5416.01440816
5008.41988591
5613.34096834
4884.23903788
5140.72572964
5180.94265474
5362.77412151
5447.51461586
5401.71742294
5239.47480592
5466.95440098
5090.12938856
5198.49646107
5319.36562707
5553.01493826
5378.5597424
5753.95118631
5241.57224521
5349.61178045
5079.72134941
4844.25691418
5259.98395252
4894.64365332
5254.69255831
5255.12230957
5125.23282528
4842.86445183
5490.98111998
5324.07572528
5196.18710403
5565.47926233
5391.71140259
5326.62727043
5111.34583869
5429.56808781
5303.73277951
5256.8862731
5759.19266326
5064.3048937
5133.29361599
5738.14266666
5270.90651437
5632.40710438
4856.79964899
5593.54950674
5243.50544322
5097.40082035
5332.11919442
5619.47884632
5034.68743919
4940.58497018
5544.7685261
5333.11061695
5416.73834879
5360.19914618
5398.54214389
5566.96895261
5027.79879892
5285.43882301
4974.29821557
4856.44617227
5333.04346286
5477.32668804
5462.52833749
4956.38648969
5177.38371447
5023.96428097
5334.13950127
5000.90424127
5492.99020596
5716.19050011
5609.74195177
4887.07184482
5324.46394171
4904.43387061
5259.49689669
5352.14351294
5577.1474634
5071.20959475
5296.26250019
5650.39898859
5102.08381173
5128.36870675
5505.65275305
5106.9099157
4905.28763919
4959.91538765
5585.80294419
5008.31190713
5431.09452851
5195.21642361
