1	2	0.35	48.65079135552393:34.33486880537566:48.650992784182684:34.33597811075946
2	3	0.15	
3	4	0.60	
4	5	0.40	48.639864586177346:34.339897210502194
5	6	0.50	48.64051387982147:34.33372280412877
6	7	0.50	48.64241105876662:34.33420365515675
7	8	0.60	48.647910068557195:34.33224875232576
8	9	0.50	48.64864318478548:34.336814194513636
9	10	0.60	48.65393394935751:34.33492098578652:48.654215242288124:34.33513389175791:48.65459029708758:34.33663437193724
10	11	0.30	
11	12	0.70	48.65595868051305:34.34671596679097:48.65846237777916:34.3515380156996
12	13	0.40	
13	14	0.35	48.66028629312006:34.3585989138027:48.658831245944036:34.35875906625644
14	13	0.35	48.658831245944036:34.35875906625644:48.66028629312006:34.3585989138027
13	12	0.39	
12	11	0.71	48.65846237777916:34.3515380156996:48.65595868051305:34.34671596679097
11	15	0.25	
15	16	0.30	48.65527665829383:34.341806019573724
16	17	0.80	48.65983567452772:34.341780841591294:48.66102586482511:34.338388443433296
17	18	1.00	48.6614069761942:34.33249183235706:48.65884053936719:34.32989225400787:48.659639574617984:34.32813538908533:48.6581950790781:34.32660208115071:48.65868833440846:34.32556822928178:48.65877897448341:34.32504429596253
18	19	0.60	48.65802912896063:34.32640402767201:48.656644769440284:34.324975685627884
19	1	0.40	48.652067790787854:34.33465637041029:48.651274981479844:34.33586314604854:48.6499949445853:34.33632574339989:48.64985617069196:34.335132234194226
1	20	0.35	48.65079135552393:34.33486880537566:48.650992784182684:34.33597811075946:48.651327825489055:34.33584736619146
20	21	0.66	48.652141309825105:34.33454139584678:48.65406897713065:34.330394611278294:48.653190683730934:34.32941805434935:48.652854114780254:34.329283981622545
21	22	0.30	48.65071178278017:34.327723674881746
22	23	0.40	
23	24	0.40	
24	25	0.20	48.64139653336928:34.32508630554168
25	26	0.70	48.639287687039435:34.32209922349119:48.63907749561089:34.32244003087748:48.63717976827916:34.323621431796205:48.637139962872766:34.32516984881801
26	27	0.90	48.63717976827916:34.323621431796205:48.63907749561089:34.32244003087748:48.639287687039435:34.32209922349119:48.63883120257071:34.32121206617146
27	28	0.30	48.64412262933031:34.31636607736015
28	29	0.70	48.64793001651964:34.31767561613756
29	30	0.70	48.65272551520374:34.32105130308922
30	18	0.50	48.65801883150874:34.3263776194372
18	31	0.85	48.65879018293304:34.32503558231382:48.658695203730694:34.32555409665694:48.65819727952946:34.32660855439675:48.65964439145432:34.328146626633774:48.65801706387217:34.33167478408603:48.659493715167784:34.33311950387338:48.659664481574325:34.33402181997376
31	32	0.35	
32	16	0.45	48.660105209303886:34.340878978784595:48.65981822051462:34.341806131942704
16	10	0.50	48.65527719289118:34.34179643877312
10	1	1.08	48.654583892527256:34.336561763023056:48.654250332201244:34.335225624607524:48.653952691893316:34.33493043123664:48.64999299979474:34.336336062968066:48.64985617069196:34.335132234194226
20	33	0.70	
33	34	0.83	48.65665581118175:34.324956852782:48.658197685245895:34.32658921086944
34	35	0.68	48.65887891539714:34.32466117762587:48.65898367747563:34.32335272225392:48.65812593155169:34.319070504673014
35	36	0.67	48.658336239655874:34.316060631941866:48.656093738171855:34.3118586320066
36	37	0.82	48.65467876302851:34.307274438185:48.6532973183402:34.30569330078073:48.653117615435974:34.30497923872719:48.653600565538696:34.29970878071299
37	38	1.05	
38	37	1.05	
37	39	0.81	
39	36	0.68	48.653600565538696:34.29970878071299:48.653117615435974:34.30497923872719:48.6532973183402:34.30569330078073:48.65467876302851:34.307274438185
36	35	0.68	48.656093738171855:34.3118586320066:48.658336239655874:34.316060631941866
35	18	0.83	48.65812593155169:34.319070504673014:48.65898367747563:34.32335272225392
1	3	0.40	48.65079135552393:34.33486880537566:48.650992784182684:34.33597811075946
4	40	1.70	
40	41	1.40	
41	42	4.40	48.594364248560794:34.36908562999137
42	43	3.85	48.58565492567489:34.382166835590255:48.58826995764141:34.391271294245854:48.58876606899026:34.3921136268843:48.593305552333135:34.3968429381863:48.59342206709209:34.39733368119962:48.59288683667658:34.39938733543016:48.59297265159411:34.399888061864324:48.59442662706798:34.401143053730735:48.59452445746677:34.40156108186674:48.59402679652539:34.40357404839758:48.5941246276984:34.40430077423403:48.59480077435851:34.40514885882328:48.5948928832115:34.40582062118322:48.594608428859914:34.4075573728493:48.59446162948784:34.408853989899406:48.59399816998672:34.40990520807737
43	44	1.00	
44	43	1.00	
43	42	3.85	48.59399816998672:34.40990520807737:48.59446162948784:34.408853989899406:48.594608428859914:34.4075573728493:48.5948928832115:34.40582062118322:48.59480077435851:34.40514885882328:48.5941246276984:34.40430077423403:48.59402679652539:34.40357404839758:48.59452445746677:34.40156108186674:48.59442662706798:34.401143053730735:48.59297265159411:34.399888061864324:48.59288683667658:34.39938733543016:48.59342206709209:34.39733368119962:48.593305552333135:34.3968429381863:48.58876606899026:34.3921136268843:48.58826995764141:34.391271294245854:48.58565492567489:34.382166835590255
42	41	4.40	48.594364248560794:34.36908562999137
41	40	1.40	
40	4	1.70	
4	3	0.60	
3	1	0.40	48.65000775360369:34.33634602776441:48.64985262453528:34.33514262673983
42	45	1.90	
45	46	0.50	
46	47	0.87	48.55899918631147:34.37881261905169
47	46	0.87	48.55899918631147:34.37881261905169
46	45	0.50	
45	42	1.90	